function A = getTaskData()
%returns Data

A = [1.0000   -7.0989    0.6017;
    1.0000   -0.9182    9.7654;
    1.0000    7.6692    1.3343;
    1.0000  -10.6861    5.6575;
    1.0000    8.1435    8.6335;
    1.0000  -10.4180    6.0328;
    1.0000    1.0772    9.7160;
    1.0000   -9.2896    1.1055;
    1.0000   -9.3180    8.4168;
    1.0000    7.8978    6.7971;
    1.0000    3.5754   10.2805;
    1.0000    9.0319    7.0237;
    1.0000    3.3458    8.0528;
    1.0000   -7.7314    6.5686;
    1.0000   -8.5711    4.5735;
    1.0000    2.9709   11.0589;
    1.0000    3.5650   11.0519;
    1.0000   -3.8714    8.5028;
    1.0000   -8.0394   10.0233;
    1.0000    8.5737    4.4638;
    1.0000    4.4889   11.5438;
    1.0000   -8.4427    8.5275;
    1.0000   11.6887    3.3841;
    1.0000    5.9857    6.1287;
    1.0000   -7.8063    9.4233;
    1.0000    6.0485   10.4615;
    1.0000    4.7721   11.4331;
    1.0000   -6.3192    3.6970;
    1.0000    9.5276    1.4849;
    1.0000    7.8751    5.0747;
    1.0000   -8.4577    1.4276;
    1.0000    9.4993    8.4778;
    1.0000  -10.0351    0.5046;
    1.0000    9.1481    4.2651;
    1.0000    9.4140    3.9189;
    1.0000   12.9666    0.6854;
    1.0000   -4.1985   11.7954;
    1.0000   -0.0292    8.8849;
    1.0000    3.0948    7.3457;
    1.0000    1.5692   12.8726;
    1.0000   -9.9638    1.4786;
    1.0000    8.6457    5.1300;
    1.0000    7.4469    2.0075;
    1.0000   -2.9067    7.2756;
    1.0000   -9.7607    3.0293;
    1.0000    2.1941    9.3753;
    1.0000    7.6253    2.5704;
    1.0000    8.6799    2.2615;
    1.0000   -6.3010    3.8138;
    1.0000    1.2899    8.3885;
    1.0000   -7.8556    2.2373;
    1.0000   -7.2209    2.2172;
    1.0000   -9.6241    1.2109;
    1.0000   -0.5133   12.8820;
    1.0000   10.0466    3.5134;
    1.0000  -12.3592    2.9376;
    1.0000    5.0389    9.5063;
    1.0000    3.2600   11.5686;
    1.0000    2.7509   10.8822;
    1.0000   10.1945    1.8814;
    1.0000  -10.5697    4.2011;
    1.0000    1.3417    7.4960;
    1.0000    8.8916    3.9278;
    1.0000   10.8392    0.7549;
    1.0000    4.9831    8.4825;
    1.0000   -6.6528    5.2880;
    1.0000   -3.9798    9.1738;
    1.0000   -6.5921   10.3892;
    1.0000    8.1377    4.2222;
    1.0000   -3.3509   12.3407;
    1.0000    1.2499    7.4355;
    1.0000   -5.7461    8.9101;
    1.0000   -8.5890    2.7100;
    1.0000   -3.0700   10.4440;
    1.0000    4.5408    7.5838;
    1.0000    5.4055    5.8816;
    1.0000  -10.3731    0.2534;
    1.0000   -7.4715    8.6739;
    1.0000   -6.7254    9.8165;
    1.0000  -11.3124    5.6614;
    1.0000   -4.4482   11.9052;
    1.0000    1.5172   10.3809;
    1.0000   -5.8546    8.1162;
    1.0000  -10.8062    6.9697;
    1.0000    8.7144    7.7150;
    1.0000   -3.5381    7.5587;
    1.0000   11.2678    3.5877;
    1.0000   -1.6507    8.4862;
    1.0000    8.2560    4.9756;
    1.0000   -8.7576    9.0189;
    1.0000   10.7761    1.6348;
    1.0000    8.8404    2.7747;
    1.0000  -10.8185    3.3440;
    1.0000    5.1338   10.8375;
    1.0000   10.3963    1.5246;
    1.0000   -7.7642    1.7261;
    1.0000    1.7366   10.8152;
    1.0000   -1.7980   12.0456;
    1.0000   -5.7594    7.6112;
    1.0000   10.2790    6.8027;
    1.0000    4.6957    6.0942;
    1.0000   -8.2577    9.8270;
    1.0000   -9.7814    3.1309;
    1.0000   12.1492    1.7808;
    1.0000    8.2156    8.8267;
    1.0000  -12.6020    0.7367;
    1.0000   -1.0563    9.6394;
    1.0000    8.5665    9.6081;
    1.0000  -11.6195    1.2472;
    1.0000   10.8978    5.9901;
    1.0000    9.4898    6.7821;
    1.0000   11.0671    5.0195;
    1.0000    3.6990   11.4733;
    1.0000    3.0215   11.2660;
    1.0000  -12.1124    1.6199;
    1.0000   -7.9840    4.6101;
    1.0000   -4.2439    8.6892;
    1.0000   -9.2395    6.2201;
    1.0000    1.9778   11.7398;
    1.0000    9.5900    0.1177;
    1.0000   -7.2241   10.3479;
    1.0000    5.7966    8.5597;
    1.0000   -7.7858    6.8490;
    1.0000    6.5185    3.1618;
    1.0000   -5.2107    8.0069;
    1.0000    4.5411    7.2815;
    1.0000  -10.4320    2.9520;
    1.0000   -6.1230    4.8384;
    1.0000   -7.0929    3.7545;
    1.0000    9.5089    6.9235;
    1.0000   -3.9490   10.4017;
    1.0000   11.4955    4.0782;
    1.0000    6.2502    9.9141;
    1.0000    2.7414    7.6847;
    1.0000   -3.5401   12.1070;
    1.0000    7.6522    0.3012;
    1.0000   -8.9824    3.6287;
    1.0000   12.3652    1.4440;
    1.0000   -6.9405    2.1693;
    1.0000   -8.1100    2.4812;
    1.0000   -8.6045    1.4661;
    1.0000   -3.1103    9.0792;
    1.0000   -0.1692   12.6926;
    1.0000    9.2793    4.8885;
    1.0000    0.0779    7.5657;
    1.0000    2.1986   12.2207;
    1.0000    0.7834    8.0788;
    1.0000    4.7152   11.6120;
    1.0000    5.0963    7.6122;
    1.0000    4.1373   12.2943;
    1.0000    2.0764   10.9735;
    1.0000    2.2171   12.5650;
    1.0000   -7.9672    6.6431;
    1.0000    7.6791    4.9676;
    1.0000    8.5485    7.3165;
    1.0000    4.6613    8.5949;
    1.0000   -1.2376    8.6231;
    1.0000   -8.8699    0.7428;
    1.0000   10.2184    2.9080;
    1.0000   -0.3163    7.9115;
    1.0000   -5.2130    4.8684;
    1.0000    9.2260    1.2490;
    1.0000    5.9510    6.6215;
    1.0000    9.7708    6.9893;
    1.0000    7.2175    8.8791;
    1.0000   -1.4852   10.5305;
    1.0000  -11.2634    0.8647;
    1.0000   -8.5211    0.8055;
    1.0000    3.7671   12.0488;
    1.0000   11.9132    1.4653;
    1.0000   -3.2960   10.7920;
    1.0000    2.9582   11.6850;
    1.0000    3.4252   10.5635;
    1.0000   -9.5328    3.4881;
    1.0000   10.4644    2.2821;
    1.0000  -11.4338    3.4636;
    1.0000    7.4173    5.6910;
    1.0000    2.5599    8.9200;
    1.0000    8.2500    8.5716;
    1.0000    7.2834    8.9891;
    1.0000   11.8647    3.1487;
    1.0000   -4.0559    6.8949;
    1.0000    9.8024    1.0208;
    1.0000   -6.3861   10.6775;
    1.0000  -10.1276    0.1871;
    1.0000   -8.1434    9.4733;
    1.0000    5.9398    6.1497;
    1.0000   -8.6666    7.4111;
    1.0000    4.4989    7.8320;
    1.0000   -8.5830    9.4620;
    1.0000    6.2053    5.2785;
    1.0000    1.0154    9.3727;
    1.0000   -8.2404    4.0226;
    1.0000   -7.9583    6.8732;
    1.0000   -0.8836   11.5174;
    1.0000    6.1406   11.0733;
    1.0000  -11.1099    4.1670;
    1.0000   -1.5586    9.7370;
    1.0000    4.9938   11.4815;
    1.0000   -4.6957    7.4976;
    1.0000   -1.8767    6.9378;
    1.0000   -8.6046    9.2243;
    1.0000    8.7224    3.0087;
    1.0000    1.8487    8.5731;
    1.0000  -10.1705    4.7366;
    1.0000   -9.4607    6.0279;
    1.0000    6.9223    1.5171;
    1.0000    7.1250    3.6353;
    1.0000  -11.3480    4.2727;
    1.0000   -7.6856    5.6538;
    1.0000   -6.1070    9.7910;
    1.0000    6.5583    5.2149;
    1.0000  -11.2428    6.2017;
    1.0000   -6.0552    4.1431;
    1.0000    6.9871    8.9613;
    1.0000    9.5085    1.2210;
    1.0000    9.1106    1.8826;
    1.0000   -8.9481    7.7881;
    1.0000    9.5483    1.3273;
    1.0000   -9.8832    1.5347;
    1.0000    4.8356    8.1716;
    1.0000    0.2428    9.1871;
    1.0000   -8.4340    8.6661;
    1.0000    8.2966    0.4726;
    1.0000    3.0323    7.0640;
    1.0000   -2.6584    8.4946;
    1.0000    4.7517   11.5313;
    1.0000    6.5422    7.1669;
    1.0000    5.7173   10.5532;
    1.0000   -8.0135    7.6053;
    1.0000   -8.1881    5.5921;
    1.0000    5.0697    6.5185;
    1.0000  -10.4905    4.2614;
    1.0000    8.7576    8.6992;
    1.0000   -8.9573    4.2836;
    1.0000    2.4348    9.4202;
    1.0000   -0.9463   10.6751;
    1.0000    2.4950   10.6533;
    1.0000   -8.3447    7.6441;
    1.0000   -6.4106    4.6910;
    1.0000    6.1918    9.7993;
    1.0000   -2.8675   12.0844;
    1.0000  -10.5696    0.0837;
    1.0000  -11.1555    2.4515;
    1.0000   -7.4848    4.3174;
    1.0000    6.3410    9.9155;
    1.0000   -0.8287    9.4133;
    1.0000   10.7692    1.0482;
